15
0 2810 2810 2810 2810 2810 2810 2810 2810 2810 2810 2810 2810 2810 2810 
2810 0 2810 2810 2810 2810 2810 2810 2810 2810 2810 2810 2810 2810 2810 
2810 2810 0 2810 2810 2810 2810 2810 2810 2810 2810 2810 2810 2810 2810 
2810 2810 2810 0 2810 2810 2810 2810 2810 2810 2810 2810 2810 2810 2810 
2810 2810 2810 2810 0 2810 2810 2810 2810 2810 2810 2810 2810 2810 2810 
2810 2810 2810 2810 2810 0 2810 2810 2810 2810 2810 2810 2810 2810 2810 
2810 2810 2810 2810 2810 2810 0 2810 2810 2810 2810 2810 2810 2810 2810 
2810 2810 2810 2810 2810 2810 2810 0 2810 2810 2810 2810 2810 2810 2810 
2810 2810 2810 2810 2810 2810 2810 2810 0 2810 2810 2810 2810 2810 2810 
2810 2810 2810 2810 2810 2810 2810 2810 2810 0 2810 2810 2810 2810 2810 
2810 2810 2810 2810 2810 2810 2810 2810 2810 2810 0 2810 2810 2810 2810 
2810 2810 2810 2810 2810 2810 2810 2810 2810 2810 2810 0 2810 2810 2810 
2810 2810 2810 2810 2810 2810 2810 2810 2810 2810 2810 2810 0 2810 2810 
2810 2810 2810 2810 2810 2810 2810 2810 2810 2810 2810 2810 2810 0 2810 
2810 2810 2810 2810 2810 2810 2810 2810 2810 2810 2810 2810 2810 2810 0 
