13
0 7209 6512 1485 7469 5562 9049 4557 4025 2642 6497 6230 8845 
6042 0 8253 6672 5998 6967 4206 3931 8393 2594 5090 2390 419 
3194 6921 0 9602 3307 5196 9854 8222 8540 2180 9338 9328 3248 
4916 1282 3615 0 7600 7967 4132 3858 2904 8836 3939 4012 7027 
9581 6372 4988 6028 0 8942 2915 3258 2092 7197 6994 8065 4183 
785 3451 9535 6071 5145 0 7588 7863 2547 5859 7154 4592 985 
2493 1281 1036 206 6681 5057 0 3039 5480 4938 7070 1287 8263 
6311 2362 9170 6120 8515 2148 7501 0 9346 7252 4273 8920 7235 
417 6537 1847 5336 3288 3978 5404 6679 0 5720 8819 4191 7325 
6593 2905 1256 256 7600 88 3050 5432 3901 0 6519 2240 9986 
1706 7690 29 8090 8336 7168 1671 9685 4489 100 0 3854 510 
6240 1682 4192 3942 772 8412 4835 8219 6279 7053 1494 0 1836 
466 2126 4806 4168 4202 5897 8385 6962 3035 2352 679 4806 0 
