14
0 2509 2509 2509 2509 2509 2509 2509 2509 2509 2509 2509 2509 2509 
2509 0 2509 2509 2509 2509 2509 2509 2509 2509 2509 2509 2509 2509 
2509 2509 0 2509 2509 2509 2509 2509 2509 2509 2509 2509 2509 2509 
2509 2509 2509 0 2509 2509 2509 2509 2509 2509 2509 2509 2509 2509 
2509 2509 2509 2509 0 2509 2509 2509 2509 2509 2509 2509 2509 2509 
2509 2509 2509 2509 2509 0 2509 2509 2509 2509 2509 2509 2509 2509 
2509 2509 2509 2509 2509 2509 0 2509 2509 2509 2509 2509 2509 2509 
2509 2509 2509 2509 2509 2509 2509 0 2509 2509 2509 2509 2509 2509 
2509 2509 2509 2509 2509 2509 2509 2509 0 2509 2509 2509 2509 2509 
2509 2509 2509 2509 2509 2509 2509 2509 2509 0 2509 2509 2509 2509 
2509 2509 2509 2509 2509 2509 2509 2509 2509 2509 0 2509 2509 2509 
2509 2509 2509 2509 2509 2509 2509 2509 2509 2509 2509 0 2509 2509 
2509 2509 2509 2509 2509 2509 2509 2509 2509 2509 2509 2509 0 2509 
2509 2509 2509 2509 2509 2509 2509 2509 2509 2509 2509 2509 2509 0 
