14
0 6805 3060 9879 3237 9921 7087 2492 9940 4506 4967 9292 2069 4623 
2795 0 9620 5260 7266 8667 185 5356 5154 7919 9599 9387 1897 9613 
1927 1786 0 1335 559 7712 978 5658 8107 6361 3577 6298 7894 156 
5686 1771 3535 0 8511 715 941 8837 8936 7394 4760 7448 908 7383 
584 110 1140 3169 0 1578 6270 6711 6079 5981 8552 4349 6111 8550 
5259 2271 1528 5858 7439 0 9873 3871 4373 383 6286 4296 5160 7277 
9897 2623 2803 8798 9667 8904 0 7222 8051 7612 2982 436 4907 8698 
8566 5493 9980 1092 4135 6137 320 0 2469 127 7518 5143 1182 393 
1551 409 9418 2164 1128 7152 9800 1237 0 1440 5716 4008 8705 8949 
4817 7034 6202 9173 4349 8338 9061 5500 6087 0 7144 8055 2043 2745 
5710 599 6717 4185 8963 2001 7240 7497 9556 9597 0 2748 9847 2481 
7601 4041 5179 2043 6852 8398 5842 627 2197 811 6711 0 3085 6657 
8936 6695 4741 6324 7907 4847 4092 8914 3837 888 7259 3295 0 6666 
1846 4074 1673 8089 4438 6189 8014 7758 5211 6711 9664 9383 4460 0 
