35 241
3 1
4 2
5 1
5 3
6 2
6 4
7 2
7 4
7 6
9 1
9 3
9 5
10 2
10 4
10 6
10 7
11 1
11 3
11 5
11 9
12 2
12 4
12 6
12 7
12 10
13 1
13 3
13 5
13 9
13 11
14 1
14 3
14 5
14 9
14 11
14 13
16 2
16 4
16 6
16 7
16 10
16 12
17 2
17 4
17 6
17 7
17 10
17 12
17 16
18 1
18 3
18 5
18 9
18 11
18 13
18 14
19 2
19 4
19 6
19 7
19 10
19 12
19 16
19 17
20 1
20 3
20 5
20 9
20 11
20 13
20 14
20 18
21 2
21 4
21 6
21 7
21 10
21 12
21 16
21 17
21 19
22 2
22 4
22 6
22 7
22 10
22 12
22 16
22 17
22 19
22 21
24 1
24 3
24 5
24 9
24 11
24 13
24 14
24 18
24 20
25 2
25 4
25 6
25 7
25 10
25 12
25 16
25 17
25 19
25 21
25 22
26 2
26 4
26 6
26 7
26 10
26 12
26 16
26 17
26 19
26 21
26 22
26 25
27 2
27 4
27 6
27 7
27 10
27 12
27 16
27 17
27 19
27 21
27 22
27 25
27 26
28 1
28 3
28 5
28 9
28 11
28 13
28 14
28 18
28 20
28 24
29 1
29 3
29 5
29 9
29 11
29 13
29 14
29 18
29 20
29 24
29 28
30 1
30 3
30 5
30 9
30 11
30 13
30 14
30 18
30 20
30 24
30 28
30 29
31 2
31 4
31 6
31 7
31 10
31 12
31 16
31 17
31 19
31 21
31 22
31 25
31 26
31 27
32 1
32 3
32 5
32 9
32 11
32 13
32 14
32 18
32 20
32 24
32 28
32 29
32 30
33 1
33 3
33 5
33 9
33 11
33 13
33 14
33 18
33 20
33 24
33 28
33 29
33 30
33 32
34 1
34 3
34 5
34 9
34 11
34 13
34 14
34 18
34 20
34 24
34 28
34 29
34 30
34 32
34 33
35 1
35 3
35 5
35 9
35 11
35 13
35 14
35 18
35 20
35 24
35 28
35 29
35 30
35 32
35 33
35 34
