35 291
3 1
4 2
5 1
5 3
6 2
6 4
7 1
7 3
7 5
8 2
8 4
8 6
9 1
9 3
9 5
9 7
10 1
10 3
10 5
10 7
10 9
11 2
11 4
11 6
11 8
12 1
12 3
12 5
12 7
12 9
12 10
13 2
13 4
13 6
13 8
13 11
14 1
14 3
14 5
14 7
14 9
14 10
14 12
15 1
15 3
15 5
15 7
15 9
15 10
15 12
15 14
16 1
16 3
16 5
16 7
16 9
16 10
16 12
16 14
16 15
17 2
17 4
17 6
17 8
17 11
17 13
18 1
18 3
18 5
18 7
18 9
18 10
18 12
18 14
18 15
18 16
19 1
19 3
19 5
19 7
19 9
19 10
19 12
19 14
19 15
19 16
19 18
20 1
20 3
20 5
20 7
20 9
20 10
20 12
20 14
20 15
20 16
20 18
20 19
21 2
21 4
21 6
21 8
21 11
21 13
21 17
22 2
22 4
22 6
22 8
22 11
22 13
22 17
22 21
23 1
23 3
23 5
23 7
23 9
23 10
23 12
23 14
23 15
23 16
23 18
23 19
23 20
24 1
24 3
24 5
24 7
24 9
24 10
24 12
24 14
24 15
24 16
24 18
24 19
24 20
24 23
25 2
25 4
25 6
25 8
25 11
25 13
25 17
25 21
25 22
26 1
26 3
26 5
26 7
26 9
26 10
26 12
26 14
26 15
26 16
26 18
26 19
26 20
26 23
26 24
27 1
27 3
27 5
27 7
27 9
27 10
27 12
27 14
27 15
27 16
27 18
27 19
27 20
27 23
27 24
27 26
28 2
28 4
28 6
28 8
28 11
28 13
28 17
28 21
28 22
28 25
29 2
29 4
29 6
29 8
29 11
29 13
29 17
29 21
29 22
29 25
29 28
30 2
30 4
30 6
30 8
30 11
30 13
30 17
30 21
30 22
30 25
30 28
30 29
31 2
31 4
31 6
31 8
31 11
31 13
31 17
31 21
31 22
31 25
31 28
31 29
31 30
32 1
32 3
32 5
32 7
32 9
32 10
32 12
32 14
32 15
32 16
32 18
32 19
32 20
32 23
32 24
32 26
32 27
33 2
33 4
33 6
33 8
33 11
33 13
33 17
33 21
33 22
33 25
33 28
33 29
33 30
33 31
34 1
34 3
34 5
34 7
34 9
34 10
34 12
34 14
34 15
34 16
34 18
34 19
34 20
34 23
34 24
34 26
34 27
34 32
35 2
35 4
35 6
35 8
35 11
35 13
35 17
35 21
35 22
35 25
35 28
35 29
35 30
35 31
35 33
