35 349
2 1
3 1
3 2
4 1
4 2
4 3
5 1
5 2
5 3
5 4
6 1
6 2
6 3
6 4
6 5
7 1
7 2
7 3
7 4
7 5
7 6
8 1
8 2
8 3
8 4
8 5
8 6
8 7
9 1
9 2
9 3
9 4
9 5
9 6
9 7
9 8
10 1
10 2
10 3
10 4
10 5
10 6
10 7
10 8
10 9
11 1
11 2
11 3
11 4
11 5
11 6
11 7
11 8
11 9
11 10
12 1
12 2
12 3
12 4
12 5
12 6
12 7
12 8
12 9
12 10
12 11
13 1
13 2
13 3
13 4
13 5
13 6
13 7
13 8
13 9
13 10
13 11
13 12
14 1
14 2
14 3
14 4
14 5
14 6
14 7
14 8
14 9
14 10
14 11
14 12
14 13
15 1
15 2
15 3
15 4
15 5
15 6
15 7
15 8
15 9
15 10
15 11
15 12
15 13
15 14
16 1
16 2
16 3
16 4
16 5
16 6
16 7
16 8
16 9
16 10
16 11
16 12
16 13
16 14
16 15
17 1
17 2
17 3
17 4
17 5
17 6
17 7
17 8
17 9
17 10
17 11
17 12
17 13
17 14
17 15
17 16
18 4
18 6
18 9
18 10
18 11
19 4
19 6
19 9
19 10
19 11
19 18
20 4
20 6
20 9
20 10
20 11
20 18
20 19
21 4
21 6
21 9
21 10
21 11
21 18
21 19
21 20
22 1
22 2
22 3
22 5
22 7
22 8
22 12
22 13
22 14
22 15
22 16
22 17
23 4
23 6
23 9
23 10
23 11
23 18
23 19
23 20
23 21
24 4
24 6
24 9
24 10
24 11
24 18
24 19
24 20
24 21
24 23
25 4
25 6
25 9
25 10
25 11
25 18
25 19
25 20
25 21
25 23
25 24
26 1
26 2
26 3
26 5
26 7
26 8
26 12
26 13
26 14
26 15
26 16
26 17
26 22
27 4
27 6
27 9
27 10
27 11
27 18
27 19
27 20
27 21
27 23
27 24
27 25
28 4
28 6
28 9
28 10
28 11
28 18
28 19
28 20
28 21
28 23
28 24
28 25
28 27
29 4
29 6
29 9
29 10
29 11
29 18
29 19
29 20
29 21
29 23
29 24
29 25
29 27
29 28
30 1
30 2
30 3
30 5
30 7
30 8
30 12
30 13
30 14
30 15
30 16
30 17
30 22
30 26
31 1
31 2
31 3
31 5
31 7
31 8
31 12
31 13
31 14
31 15
31 16
31 17
31 22
31 26
31 30
32 4
32 6
32 9
32 10
32 11
32 18
32 19
32 20
32 21
32 23
32 24
32 25
32 27
32 28
32 29
33 1
33 2
33 3
33 5
33 7
33 8
33 12
33 13
33 14
33 15
33 16
33 17
33 22
33 26
33 30
33 31
34 4
34 6
34 9
34 10
34 11
34 18
34 19
34 20
34 21
34 23
34 24
34 25
34 27
34 28
34 29
34 32
35 1
35 2
35 3
35 5
35 7
35 8
35 12
35 13
35 14
35 15
35 16
35 17
35 22
35 26
35 30
35 31
35 33
